x = [1 1 1 1 1 1 1 1.3 1.3 1.3 1.3 1.3 1.3 1.3 1.6 1.6 1.6 1.6 1.6 1.6 1.6];y = [1 2 3 4 5 6 7 1 2 3 4 5 6 7 1 2 3 4 5 6 7];x = x.+8;y = y.+7;